Date,AMZN,MSFT,INTC,INFY.NS,3988.HK
2023-11-07,142.7100067138672,359.79974365234375,38.77000045776367,1404.300048828125,2.7899999618530273
2023-11-08,142.0800018310547,362.4643249511719,37.91999816894531,1391.0,2.7899999618530273
2023-11-09,140.60000610351562,359.95941162109375,37.79999923706055,1374.800048828125,2.7899999618530273
2023-11-10,143.55999755859375,368.9212341308594,38.86000061035156,1368.8499755859375,2.7699999809265137
2023-11-13,142.58999633789062,365.937255859375,38.22999954223633,1373.550048828125,2.809999942779541
2023-11-14,145.8000030517578,369.5199890136719,39.40999984741211,,2.809999942779541
2023-11-15,143.1999969482422,369.6700134277344,40.61000061035156,1410.5,2.880000114440918
2023-11-16,142.8300018310547,376.1700134277344,43.349998474121094,1444.9000244140625,2.859999895095825
2023-11-17,145.17999267578125,369.8500061035156,43.810001373291016,1437.550048828125,2.8299999237060547
2023-11-20,146.1300048828125,377.44000244140625,44.7400016784668,1436.5999755859375,2.890000104904175
2023-11-21,143.89999389648438,373.07000732421875,43.63999938964844,1439.0,2.890000104904175
2023-11-22,146.7100067138672,377.8500061035156,43.66999816894531,1457.800048828125,2.890000104904175
2023-11-24,146.74000549316406,377.42999267578125,43.959999084472656,1437.4000244140625,2.869999885559082
2023-11-27,147.72999572753906,378.6099853515625,44.08000183105469,,2.880000114440918
2023-11-28,147.02999877929688,382.70001220703125,44.22999954223633,1442.699951171875,2.859999895095825
2023-11-29,146.32000732421875,378.8500061035156,44.939998626708984,1459.5999755859375,2.8399999141693115
2023-11-30,146.08999633789062,378.9100036621094,44.70000076293945,1455.1500244140625,2.869999885559082
2023-12-01,147.02999877929688,374.510009765625,43.7400016784668,1452.300048828125,2.8299999237060547
2023-12-04,144.83999633789062,369.1400146484375,42.349998474121094,1464.3499755859375,2.8399999141693115
2023-12-05,146.8800048828125,372.5199890136719,41.91999816894531,1453.949951171875,2.809999942779541
2023-12-06,145.08999633789062,369.0799865722656,41.775001525878906,1474.300048828125,2.819999933242798
